0.000063 0.000090 0.000126 0.000166 0.000213 0.000167 0.000220 0.000242 0.000363 0.000526 0.000705 0.001013 0.001277 0.001647 0.001913 0.002477 0.002644 0.003416 0.003517 0.004018
0.000107 0.000081 0.000104 0.000155 0.000123 0.000178 0.000289 0.000311 0.000344 0.000520 0.000729 0.001000 0.001255 0.001615 0.001956 0.002230 0.002909 0.003544 0.004092 0.004058
0.000060 0.000107 0.000125 0.000211 0.000157 0.000191 0.000222 0.000267 0.000373 0.000565 0.000813 0.000982 0.001355 0.001616 0.002088 0.002268 0.004302 0.003653 0.003824 0.004648
0.000078 0.000099 0.000123 0.000221 0.000194 0.000203 0.000257 0.000259 0.000384 0.000580 0.000769 0.001049 0.001362 0.001663 0.001887 0.002257 0.002704 0.003265 0.003548 0.004180
0.000107 0.000095 0.000107 0.000156 0.000149 0.000258 0.000223 0.000332 0.000354 0.000556 0.000750 0.001106 0.001317 0.001649 0.001889 0.002338 0.002493 0.003072 0.003556 0.004102
0.000080 0.000181 0.000103 0.000185 0.000177 0.000216 0.000220 0.000288 0.000402 0.000625 0.000775 0.000993 0.001709 0.002048 0.002104 0.002765 0.002606 0.003254 0.003690 0.004088
0.000073 0.000139 0.000128 0.000164 0.000173 0.000212 0.000244 0.000288 0.000416 0.000574 0.000777 0.001063 0.001872 0.001749 0.002138 0.002239 0.002667 0.003328 0.003535 0.004314
0.000071 0.000120 0.000129 0.000187 0.000202 0.000211 0.000254 0.000276 0.000455 0.000627 0.000917 0.001039 0.001316 0.001701 0.002057 0.002333 0.003104 0.004216 0.004863 0.004977
0.000076 0.000089 0.000114 0.000198 0.000210 0.000200 0.000261 0.000352 0.000394 0.000620 0.000816 0.001125 0.001488 0.002399 0.002374 0.003409 0.003249 0.004700 0.004012 0.005008
0.000085 0.000105 0.000183 0.000165 0.000205 0.000241 0.000276 0.000323 0.000450 0.000845 0.000896 0.001114 0.001471 0.002081 0.002532 0.002621 0.003501 0.003592 0.005296 0.004241
0.000081 0.000153 0.000135 0.000189 0.000203 0.000199 0.000269 0.000338 0.000453 0.000611 0.000882 0.001099 0.001630 0.002314 0.002181 0.002576 0.003645 0.004339 0.004877 0.005300
0.000081 0.000099 0.000170 0.000175 0.000192 0.000202 0.000276 0.000358 0.000472 0.000664 0.000927 0.001159 0.001379 0.001777 0.002079 0.002431 0.003195 0.004827 0.004871 0.005467
0.000085 0.000113 0.000112 0.000201 0.000152 0.000266 0.000261 0.000446 0.000460 0.000722 0.000898 0.001205 0.001423 0.001989 0.002147 0.002842 0.004177 0.004934 0.005654 0.005129
0.000083 0.000121 0.000207 0.000183 0.000231 0.000249 0.000292 0.000361 0.000550 0.000733 0.000960 0.001188 0.002254 0.002408 0.003031 0.003429 0.004022 0.005254 0.006413 0.005254
0.000096 0.000155 0.000211 0.000153 0.000214 0.000210 0.000297 0.000414 0.000535 0.000734 0.000964 0.001289 0.002183 0.002573 0.002876 0.003740 0.003205 0.003952 0.004060 0.005141
0.000084 0.000166 0.000123 0.000189 0.000200 0.000239 0.000283 0.000388 0.000577 0.000789 0.000948 0.001274 0.001842 0.002373 0.002581 0.003665 0.003372 0.003661 0.003817 0.004603
0.000083 0.000132 0.000164 0.000187 0.000208 0.000253 0.000303 0.000406 0.000571 0.000764 0.001015 0.001361 0.001889 0.002025 0.002395 0.002953 0.002945 0.003416 0.003743 0.004254
0.000081 0.000127 0.000185 0.000183 0.000232 0.000230 0.000328 0.000409 0.000613 0.000781 0.001000 0.001287 0.001761 0.002045 0.002548 0.002856 0.003132 0.003815 0.004054 0.004410
0.000087 0.000141 0.000163 0.000186 0.000271 0.000261 0.000342 0.000456 0.000626 0.000776 0.001105 0.001339 0.001853 0.002100 0.002428 0.002997 0.002958 0.003368 0.003859 0.004148
0.000089 0.000107 0.000143 0.000223 0.000209 0.000249 0.000335 0.000470 0.000622 0.000900 0.001064 0.001323 0.001648 0.002435 0.002419 0.002827 0.003472 0.003625 0.003884 0.004708
