0.000152 0.000170 0.000215 0.000274 0.000392 0.000455 0.000591 0.000768 0.000818 0.000987 0.001196 0.001293 0.001565 0.001789 0.001948 0.002496 0.002475 0.002662 0.003023 0.003307
0.000157 0.000191 0.000225 0.000295 0.000383 0.000505 0.000601 0.000741 0.000841 0.001000 0.001155 0.001334 0.001595 0.001737 0.001913 0.002217 0.002614 0.002655 0.002951 0.003386
0.000156 0.000192 0.000250 0.000300 0.000407 0.000516 0.000600 0.000741 0.000874 0.001035 0.001233 0.001347 0.001587 0.001766 0.002047 0.002218 0.002355 0.002679 0.002941 0.003200
0.000183 0.000212 0.000243 0.000310 0.000398 0.000515 0.000622 0.000724 0.000899 0.001050 0.001213 0.001350 0.001585 0.001769 0.001950 0.002329 0.002585 0.002837 0.003107 0.003227
0.000169 0.000209 0.000252 0.000311 0.000396 0.000510 0.000605 0.000766 0.000859 0.000995 0.001160 0.001363 0.001528 0.001747 0.002025 0.002217 0.002397 0.002669 0.002997 0.003245
0.000188 0.000206 0.000276 0.000362 0.000424 0.000500 0.000639 0.000745 0.000852 0.001025 0.001165 0.001353 0.001558 0.001716 0.001949 0.002204 0.002574 0.002745 0.002952 0.003361
0.000202 0.000230 0.000265 0.000338 0.000425 0.000512 0.000619 0.000742 0.000899 0.001057 0.001226 0.001381 0.001546 0.001826 0.001990 0.002199 0.002544 0.002727 0.002984 0.003291
0.000201 0.000234 0.000277 0.000350 0.000435 0.000527 0.000648 0.000752 0.000904 0.001059 0.001214 0.001370 0.001554 0.001830 0.002127 0.002242 0.002533 0.002812 0.003073 0.003266
0.000210 0.000241 0.000282 0.000358 0.000447 0.000554 0.000646 0.000793 0.000925 0.001061 0.001258 0.001439 0.001581 0.001793 0.002180 0.002299 0.002610 0.002852 0.003092 0.003287
0.000215 0.000248 0.000305 0.000372 0.000452 0.000579 0.000677 0.000780 0.000931 0.001093 0.001241 0.001441 0.001682 0.001909 0.002174 0.002392 0.002630 0.002803 0.003097 0.003352
0.000219 0.000287 0.000306 0.000377 0.000487 0.000569 0.000692 0.000797 0.000945 0.001112 0.001268 0.001485 0.001642 0.001826 0.002095 0.002335 0.002507 0.002908 0.003220 0.003449
0.000239 0.000271 0.000345 0.000410 0.000491 0.000575 0.000673 0.000848 0.000988 0.001154 0.001285 0.001466 0.001675 0.001922 0.002131 0.002299 0.002646 0.002911 0.003221 0.003385
0.000254 0.000293 0.000350 0.000412 0.000490 0.000619 0.000727 0.000795 0.000965 0.001151 0.001314 0.001489 0.001731 0.001894 0.002095 0.002467 0.002612 0.003053 0.003231 0.003569
0.000254 0.000309 0.000347 0.000413 0.000510 0.000580 0.000751 0.000864 0.000937 0.001186 0.001277 0.001468 0.001738 0.001921 0.002195 0.002358 0.002659 0.003064 0.003241 0.003569
0.000266 0.000285 0.000342 0.000444 0.000533 0.000625 0.000744 0.000878 0.000995 0.001181 0.001356 0.001481 0.001739 0.001985 0.002120 0.002422 0.002732 0.003037 0.003226 0.003554
0.000262 0.000328 0.000372 0.000442 0.000529 0.000648 0.000730 0.000946 0.001000 0.001202 0.001313 0.001489 0.001703 0.001948 0.002188 0.002381 0.002685 0.002945 0.003260 0.003577
0.000289 0.000316 0.000366 0.000466 0.000520 0.000647 0.000751 0.000894 0.001009 0.001203 0.001391 0.001578 0.001690 0.001912 0.002248 0.002409 0.002624 0.002948 0.003219 0.003523
0.000303 0.000342 0.000386 0.000464 0.000556 0.000666 0.000752 0.000933 0.001015 0.001181 0.001393 0.001564 0.001791 0.001936 0.002162 0.002470 0.002716 0.003021 0.003267 0.003563
0.000310 0.000332 0.000387 0.000476 0.000547 0.000671 0.000782 0.000894 0.001081 0.001213 0.001362 0.001578 0.001720 0.001971 0.002234 0.002427 0.002696 0.002988 0.003261 0.003571
0.000328 0.000356 0.000410 0.000467 0.000572 0.000648 0.000790 0.000915 0.001041 0.001179 0.001397 0.001614 0.001746 0.001962 0.002240 0.002525 0.002728 0.002996 0.003275 0.003550
